1.292211966444246629e+00 3.797677401801888841e+00
6.667535901080989813e-01 3.758860793161558078e+00
1.144805334876786151e+00 2.711579818774912276e+00
4.337446485706971444e+00 2.090708610372505660e+00
5.234930573024537681e-01 2.179878238357703779e+00
7.282499131899478062e-01 3.760807874248853544e+00
4.008915697384820120e+00 2.128668766663482259e+00
2.740314300965644101e+00 3.417736908045534427e+00
1.082101262897157135e+00 3.615502512583058881e+00
1.199933551144653610e+00 3.740650858863928452e+00
3.127598417561847199e+00 3.884130031579568154e+00
2.749427892725782918e+00 2.791152262313216337e+00
4.155972093538860435e+00 3.973807659507911705e+00
2.070949653885297170e+00 3.678883180771840511e+00
1.281767346611756286e-01 2.663562157317764800e+00
3.192022117391044578e+00 2.593117196806362657e+00
1.478012229009286305e+00 3.905464386058207005e+00
3.054252692113801348e+00 3.570183381377938225e+00
4.873555791547242499e+00 3.896322684085620658e+00
1.925611898569178360e+00 3.539625866845809377e+00
1.526791937199816651e+00 3.164612152808029766e+00
3.985837057640695846e+00 3.051996134138223127e+00
4.036617451249733257e+00 2.273569751245265280e+00
4.436888044731958303e+00 2.887312915349080633e+00
3.330499204760814180e+00 2.108769172648614187e+00
3.500405478684762706e+00 2.320719612843104684e+00
7.250617055703068026e-02 2.152357493918415798e+00
1.771861056419076208e+00 3.408206165539279020e+00
1.582331489432083238e+00 2.472801848565949534e+00
1.371326504324716478e+00 3.082932314801470230e+00
2.083395845509256050e-01 2.887585558066473546e+00
1.086309907123824692e+00 2.038788543784247231e+00
1.030185257499388607e+00 2.148603595307550407e+00
4.970639308044102478e+00 3.759151860107403209e+00
1.817667560722128206e+00 2.905936057372459302e+00
1.008554875512347460e+00 3.298948857221286168e+00
4.680598728647613171e+00 2.521378534468363242e+00
2.307642701790393769e+00 2.639437232128146960e+00
3.830525477840764914e+00 2.393044041527760957e+00
1.942442181475046326e+00 3.535460597939275473e+00
9.603330492134487528e-01 3.176508677085689847e+00
4.485579704291088099e+00 2.771896821624093565e+00
4.523669590400765550e+00 2.389834355143754863e+00
3.006809133812093471e+00 2.278048789667878715e+00
2.745349091428805899e-01 3.529660281162996238e+00
1.665434741987490419e+00 2.264766648771312063e+00
3.597272655723702250e+00 3.847466268811139845e+00
3.589962872282104200e+00 2.645085815126834383e+00
3.259066828845132324e+00 2.693990287142650875e+00
1.137549368215033496e+00 3.236373038859432949e+00
6.259683416891614893e-01 3.335516552081492225e+00
3.285956276093310535e+00 2.512942819643793513e+00
3.818425972508163735e+00 2.805995423553124812e+00
2.345076489085645033e+00 3.737271941689759736e+00
1.943706104969673998e+00 3.622606527438279933e+00
3.605973389919545191e+00 3.249426783121843521e+00
2.862705915488273245e+00 2.035872347058870879e+00
8.034069769047952336e-01 2.860273445347939258e+00
4.023750633983686598e+00 2.331418503622677108e+00
2.467442895877232090e+00 3.735342409169943423e+00
1.137567763537322030e+00 2.770208976360940323e+00
4.368020286923718354e-01 3.568721886377194785e+00
4.117417454100110952e+00 2.237226323398759043e+00
4.128614685252159688e+00 2.560536783151286855e+00
4.665632907362318171e+00 3.996600392539059854e+00
2.256765539190746850e+00 2.808498156061905338e+00
4.868757688178418697e+00 2.735477401647578688e+00
3.077569905780172199e+00 2.695591733613999175e+00
1.886937914966147378e+00 3.185132111588495629e+00
7.594823224603364231e-01 2.739605996504664631e+00
2.008031772765300094e+00 3.161621110750199470e+00
3.888893181667152810e+00 2.965634760674170423e+00
3.898159499968475217e+00 2.697404914161798395e+00
4.139048375716899208e+00 2.053675144726172519e+00
3.129095315588037884e+00 3.177743243583082577e+00
3.304381585911231323e+00 2.479414576140491100e+00
4.418616845735606979e+00 3.331625956999423543e+00
1.176519468094468390e+00 2.076393720854817548e+00
2.850594447592742497e+00 3.346365364568928413e+00
1.798277125583867431e+00 3.027563804067721520e+00
2.283545195333586131e-01 3.268746276365837922e+00
1.533541666507024503e+00 3.280711328389442016e+00
4.273145425919378404e+00 3.134275523457867862e+00
2.469880501551778629e+00 3.737772723449126033e+00
1.762251526625047582e+00 2.025640790548424164e+00
4.031141320723790500e+00 2.939376191566111629e+00
3.685690433287097889e+00 2.102131237727697943e+00
1.419389832013758124e+00 3.667266233086490246e+00
3.223696710238866281e+00 3.620786485726570803e+00
7.286467656128298165e-01 3.719105553043595691e+00
9.172441346911475168e-02 2.442489813903416795e+00
4.399481946977293667e+00 2.716956024665663438e+00
3.451156512318608982e+00 3.233875038147562719e+00
2.796206345178686714e-01 2.201672982583102289e+00
4.766258166717785016e-01 2.596858992613293449e+00
2.289468456734006230e-01 3.183636166318902561e+00
3.358873747574904645e+00 2.308822544082098638e+00
7.809374981798578030e-01 2.516414293528900004e+00
2.285259166075432891e+00 2.807853316827932488e+00
3.733630158219062967e+00 3.338617984478117862e+00
